.Random.seed <-
c(403L, 11L, 966549559L, 78115629L, -1908283324L, -2018159254L, 
-1319075371L, -5867665L, -288280970L, -992353888L, 1774380643L, 
2146041601L, -1361949072L, 158444046L, 1452892793L, -1027297781L, 
1990278970L, -1200585156L, -1606177409L, -852656427L, -1975070996L, 
-338526142L, -1496275043L, -1444301289L, 1396444030L, 1192462648L, 
-592124389L, -1053579399L, -102932024L, -1133756938L, -2120916943L, 
403458659L, -519760334L, -1106943100L, -1141177913L, -1284872035L, 
-1482055660L, 936900282L, -720640251L, 755352799L, -219257498L, 
610717936L, -729951213L, -697640527L, -600001440L, -2038971906L, 
-732199543L, 1791476411L, 1112469130L, -1525626516L, 173338351L, 
-870876891L, 1233729500L, -1824844366L, 78775469L, -964500377L, 
-1209017458L, 1213086824L, 1003108459L, -1924488695L, -288723816L, 
1842716614L, 182792993L, 513269683L, 1256470306L, -602191596L, 
-824407657L, 1279138189L, -895139676L, -315229558L, -1963921163L, 
1762940751L, -690859946L, -1585726720L, 374820419L, 1759081953L, 
-707042992L, 162543534L, 592153945L, 959306603L, -101295398L, 
-1762051172L, 1534683039L, 1324199413L, 649625740L, -1441578654L, 
899022141L, -831631945L, 1333197406L, 67750808L, -792550661L, 
482634393L, 221115176L, 1636319702L, 655339089L, 692800771L, 
1244553362L, 2046244388L, 92866791L, -1282376387L, -783345228L, 
1672103450L, -537926299L, -1989800961L, 677161606L, -347235824L, 
2080932019L, -885859503L, 1802188544L, -1616243234L, 1485119017L, 
1601623515L, 675175146L, 756045964L, 1808140239L, -1375395963L, 
-1174033348L, -1012368110L, 1296775693L, -1374777017L, 816632622L, 
-1071051128L, 926476171L, -1808201879L, 601815352L, 4735974L, 
-1313516671L, -1924527341L, -901008190L, -518107276L, -1956621449L, 
-832887699L, -822732028L, 91644458L, -1799581803L, -2104159185L, 
-1407439562L, -1550977696L, 520156067L, -617950015L, -1696377680L, 
1559294926L, 108418873L, 283535179L, 1462244602L, -1746153988L, 
-1447928257L, 1687249685L, -346759124L, 1861673218L, 1673759197L, 
2028935383L, 746562494L, 1005118968L, -2114911781L, 1392726073L, 
1740335496L, 60048694L, 500416369L, 1069936035L, 1971646706L, 
2130406468L, 1558812423L, -202803491L, -245041196L, 337708794L, 
640219717L, 860813983L, -1275619290L, 1280756912L, -180036269L, 
2109622385L, 1867863456L, 714508606L, 1529681993L, 422325499L, 
-1567292214L, 1974516268L, -1047216593L, -865698075L, 1504156L, 
1693259250L, -1602318227L, 1634171303L, 233057230L, -277425880L, 
-159149269L, -1457032887L, 1011943000L, 1016354566L, -765439263L, 
-1269696909L, -386310430L, -637214124L, 38816599L, -504238259L, 
-1925360924L, -941655350L, -866077899L, 602175887L, -816517482L, 
401542720L, 259544835L, 196185889L, 647444496L, -267362322L, 
-706256999L, 1925662763L, 1566354714L, -403701796L, 887251423L, 
1163339189L, -1206705332L, 1151631778L, -320851715L, -698712585L, 
1631226654L, 687035864L, -1011609797L, 1698285785L, 1388528744L, 
-1926850154L, 654551313L, 1335831235L, -461266222L, -2089426076L, 
-781072729L, 1451069437L, -289519116L, -785896488L, 752938874L, 
1861239856L, -1142325316L, 112794196L, -139169726L, 270767776L, 
-109868356L, -993105968L, 816015714L, 1763347176L, 1396544716L, 
-493762052L, -417902094L, -518713216L, -1191588364L, 198822536L, 
-964253894L, 2144590160L, -923789204L, 1128539540L, -2090226606L, 
-300207648L, 1766523084L, 543656608L, -1768509054L, 1217197288L, 
-1069753620L, 386052412L, 1684524146L, 1710726768L, -791038428L, 
832798776L, -1984162534L, 17330384L, 1128869180L, 1138937748L, 
699709314L, 330616768L, 2079723068L, 1282122128L, -311630814L, 
1468449032L, -727849844L, 1670116124L, 1630851218L, -1594048128L, 
-1955226604L, -223815896L, -1460142534L, -1522122288L, -1344446100L, 
-253595724L, -376080878L, 337794016L, 80664012L, -1702959904L, 
-503502814L, 1558843176L, 1476978188L, -927052996L, 849083378L, 
-1807887632L, -1524956604L, 596338264L, 1803382586L, 1198107632L, 
-1738858820L, 476134676L, 798466242L, 1830192224L, -1026715268L, 
-858017840L, 851118370L, 1361387176L, 534795148L, -304819012L, 
1033234226L, 2114925120L, -250475340L, -501095352L, 1798660538L, 
-1560629744L, -1222711060L, -209211052L, -1975095534L, -688564832L, 
454552268L, 1576003168L, 416612290L, -1172473048L, 2000692652L, 
-1374963396L, 1326684018L, -2121696976L, 842313508L, -270058184L, 
-1857389862L, 178366352L, 743572220L, 752062356L, -588015550L, 
-2075067136L, -1219767236L, -1271863984L, -1625716574L, -1618274488L, 
-58659060L, -1821103396L, 2128194386L, -800546176L, 697739348L, 
-638622744L, -119163142L, 1192178000L, -596882644L, -916643980L, 
-1699521646L, -1011261856L, -1288355956L, -1557912736L, -1555742750L, 
-818602072L, 150332620L, 540548604L, -761814094L, 1039282672L, 
-124980796L, 1049182552L, -960686726L, 1444204976L, 772841404L, 
1952157780L, -1117301822L, 1065565216L, -203375428L, -1205333424L, 
-1375332382L, 1578102376L, 315955788L, -171478788L, 1786953714L, 
-1269082880L, -967880844L, 1298104328L, 1121287610L, 1251354064L, 
1505819628L, -363552876L, 1762366418L, -1889499296L, 1888484684L, 
779771168L, 365241218L, -902434072L, 1224541420L, -106905028L, 
1826841458L, -176309648L, 874696740L, -1095917768L, -379943782L, 
1606539984L, 1355155644L, -937052524L, 1793650306L, 668974272L, 
1921110332L, 1879222416L, 227312162L, -1055334904L, 1803270412L, 
-2068739428L, 893937170L, 1419470208L, 1730106900L, 176885288L, 
-467053254L, -1587464240L, 258097772L, 2041319220L, 332339858L, 
-1778730656L, -811857588L, 1325105120L, -1097058398L, -282783832L, 
149119884L, 247658172L, -1259439246L, 293345520L, -469733308L, 
-1401209512L, -1635867590L, 1816042352L, -394589124L, 584827668L, 
525894082L, 577233120L, 1287702396L, -305604912L, 364439202L, 
-822629336L, -818114292L, 548064188L, 704552242L, -1771112512L, 
-1493511628L, -220701752L, 303756474L, 1290190736L, 1583312364L, 
652390484L, -498127214L, -1517890784L, 1247815116L, 1181318112L, 
1394571970L, -840365528L, -1565137236L, -1412969796L, 1621854706L, 
1630026032L, -2079662940L, 1050393272L, 314159962L, 1935078800L, 
-974971778L, -975396277L, 666021965L, 660926074L, 1239045816L, 
1155814497L, 761214483L, 299105332L, -1738628542L, -702331305L, 
1500249505L, -1895752090L, -1361998236L, 615247253L, -224846145L, 
871294552L, 1920864886L, 367378051L, 115638981L, 1836535778L, 
906558032L, 1875984249L, -36731733L, -745059300L, 1577954122L, 
255724351L, 1671243145L, 1869872542L, 649557068L, -227887587L, 
946428839L, 131489488L, 1109708910L, 577836827L, 1682733181L, 
-824629654L, 952067848L, -2070415439L, 1626120227L, -375545564L, 
1252963794L, 914277927L, 202502257L, 983275190L, 2048313940L, 
-1070864667L, -2086067473L, 432008744L, -484980090L, 969266355L, 
-1906558443L, 781634674L, -2065610560L, 1181138217L, 1555235739L, 
-1876372372L, -1562773382L, 237642159L, 1510545593L, -492999986L, 
-173381604L, -1180988531L, -1219021321L, 223275264L, 42968926L, 
-573308885L, 1000709933L, 1111565210L, 694935896L, -709798719L, 
1736332147L, 607522964L, -861006558L, -133872585L, 51518721L, 
-502374394L, -380840380L, -867848331L, 1291346655L, 1205345848L, 
-515088874L, -1181822429L, -634380827L, 394056706L, -1675233680L, 
989664281L, -992094709L, -556579588L, 370772266L, -962875553L, 
-517402903L, -956920322L, -837950996L, -964916931L, -721561337L, 
-780007184L, -1484213106L, 1028083387L, 1262935709L, -1244386742L, 
1686464616L, 2057353297L, -148296893L, 284663364L, -1770103566L, 
1946736839L, -799540591L, 2086609942L, -840397196L, -1146783483L, 
-2064320689L, -261807800L, -1657746202L, 1409147411L, 274412917L, 
1942407506L, -1505025632L, 1466890377L, -1746988869L, 2096417548L, 
-1625277798L, 618262543L, -1985678247L, -969180946L, 1723890556L, 
1392609261L, 620085399L, 92392288L, 343599934L, 1889076235L, 
984941709L, -38734406L, 1131830264L, 1790982049L, 986992979L, 
1340895348L, -1563164158L, 1341234327L, 1209736801L, -450885978L, 
-1697616220L, -1276130475L, -190076929L, 1863284376L, 790592438L, 
-313659325L, 1263815045L, -1269933534L, -2061528816L, -849841991L, 
